19,4116948450194850388173353917158444823003527129979416078280124368463034341322131643173817552563321756191171503406957140625339422995181080905008428361371752484910825575878066616467445082895108163337875883857813700608
32,5045724155343859009762431423715637791775550545256912086357164905750695436957304702577557266322402247295589459203142252289013011099817165844068541126878857821860169488696550797492845352805638437019066246717134474447945728
72,8632
107,862880151941479473257462377505857296469997039649997493172089874638807193961712510176706942271293075736909439738202998910968560388530928484361958131481307012885198869102592
104,562432
76,6846418193808547741070476954361026328161754537600049104760546138651958487264943490253617439558571059161420931992412591323869007792248483803583464991692067623457122820825333429288252782956735835882531367124291855099432510936822514011343873430278635520
70,1652885269533264579922078580946628503643644020149202433605632
11,35009320013999830700763974776387478877623374903906334828844749282008553420169569838858448780096773252229584638942729551740928
82,35047450583937546998892980152051679093123208713913575466330329351470498423502798848
104,1189760
30,156179993915837404993100369702741597250656623656856858356044505020663847778143362540138957131759973287331486197270407494182548978919842067183069379138480050839567634361553264346492401520970297398273332271830827668211519935308181602534848342955266758672384
18,819480898435024553695114889857158926839601743350218488984254070172332124665284993887116697938608233478582309976882938947103263830129209839003789364387338881314714650109401455548974993189913004236959581110662278480203350016
32,7672265496481758220323697096334736916261453568815304679255415130662016349346038657343956939202556841778225068103408082247677318247667197379337096781966482441458613880072837513995970330978436527522141827200026392653725696
124,84094451209710884030737700358145135775765074249927734842850467474205562386199191661262380947580280387841937893949991951335626350492547547034632005295218205783056402402446335899160341667470301198414336345291453837646463119025766400
115,16844298696173702868022669577847789799469473948719604173216707402785988705413854155388138695096349599552817424990043969588212925978495680512
74,96287270099596018923610807141528898406960589110292642823255471853676499686761783370228157282502055581017151830558244864
18,833857756302305686216081817749389785205208791479169690545381334561320407554149642902680148779636448101013578572968604542666478985043757380038943563762555352916727187830619024944571045702016741153397468498568634243013935104
17,183917505491212691772493455943837017223907110537661879830593353641535862860856012511875585632639816302034732609589767957592071954546835779186558238720
120,2162169550067470804566920683925274624
36,95110036116559689708277629949071273808271329897355139844318435980484455292928037295795716225351149196719832432640
68,9595850621383248649765332835684345449309979797673163620352
94,9019005492165738302113140940777399916779538288638699372938844514615241528105682537635388489200547822660562865845228426733480636702233279822501213585655798697147321263575975373800480430313013072315147019280518347972438722084864
22,172844963687670423029736620094822120395622762012461431622767706895787958769153362106489487196615342024211310536964504519934515571107337009627136
71,1797284825065044947377852640209874338606607028981408760964056003482170352578685125097684992
41,127727341348084723898701308990181037459363860247342742133007213952218672417925271858689111496838055732280426012185586538840292508653559851732869565467929255793772770046118845123411470547156992
52,71292226671972860882620009899034875088868171926574733649690343185928891445219002115480659388496621640360788175264793412088633335155358581412236886054664829158589942390564383466588852409971727460816770812692799421008169216435735528538057474048
94,8863505397473225572766362648695030952697132456075963176853692022983944260379722493883054204903986653304346264709965867651868901586677533618664985765213457340299953655583286143217713526342099053826954829292923204041879433773056
81,22042075134299242983476739519973762140434734085770829483697016783096069507057257728089927329534661412807667382467406095031796509295403632812225227390976
9,47802606388763871069564595608340793495617946678026665460745097895849081438208
68,411615637434220602786463292530835959538392190875179079632872196618251350843283375134903445372985491605666591067162564721865096886262832184630010538892918212559408329733355155443117195264
36,95974672808528414160171062948608285388346523805512913842903149034852495795591019453030222736490705098508194545664
36,89057579272778618545023598952312192747744972540250721854225444599908171774287162195154170647374257884201297641472
1,1348979118779441476561837476083762336112583881797318893625045879334353580385973865030893748394688866954910355307741255087681437696
76,12074592087262347834251568446782173706030730729949177512032235917258908604812718519174561666130570777066506007332073115607550795560874598708138110985347828354097107520364678957108373089941879565101918956564660180811726428379486979256370104049764139008
70,3492889626183502508514581152189101743548832646353031557808128
76,1094041250437494709398874211762108714925730465747072963401398415062767294380299057464326524378024164132174519966960298491904
117,193724898446689375602343936
120,623328158578009601316589746717196288
11,71112681278437156110926823764537066470172480273559742621090896979079874134719438735181224084571570668591343797852419401973760
1,1360812268944173419338695699558181303973220582514839234797195404591672471441991179636427904082361576314163954915703897676169871360
98,62105695577668319996530364670713806772764365484634016679947848678019708697881246810767360
103,21515746813274217225069304197988061384425516990734995250551098463665790071475849516448475550735670449776287736063972813360280236416254675719566499250511544320
99,48095503540863068585586333806727903093800933745921110269473838192895961958607546883106563902272351501603213884851884969598619163774002593447715357300600490226786846820426449224151650055760273586782208
122,123735040
41,435071256466913590779951333747804158845958148967511215390555822524744852923557957268659786036104627338080201104007154147924746357601188244965086957375134027547538497969592316201620321551253504
1,1195148166637926220462680570916315753924306772469554458387102050989207996657748775158949724454943645284613560404226901437331800064
22,171287801852646365164603857751625524716382917309646463770310340166997076257719548033458050375024212816785983415009869344079249665061324964495360
120,26737766921052944131624776233280138581058374003189248046779482432181169645937435798995757792578253216750379798485945780080123800679157450929897869248567432987017216
4,64826128492112998536925333658588413952
115,632659509248
42,5328235223393241669459509248
115,11949374288738609726887876709071509003042447331142967063051168499412282585891879443565944544384589886862255096360458542528390366292437106688
42,18648823281876345843108282368
35,29557793666264621379612593460236698256484273593779962206015097869237986812390392476004985402321938291468652683339886380964668234462898391591725729263482271475033855492096
107,2831325498557979521626048426191094254042177786351554274470919901158586105186869174017319654327680404761734099140978590176615588774867109089312675118923038636029558789242880
99,51364129995096481013732977851845333401146628272342933297496332050665590441231360748948757565533579273556830362463178122872311728302332866788822226243359746844141292720843780724822150544986699947048960
34,21700546512734826260235755442212471570432
16,1553998405669828080124575911735829723263781626275975291036979936951046227167436077931831501619052289294519376784340516299264122107183307097029094263071829431793656565226982747747346518306506703852535808
44,110816341682082825479214092478780415206641138938947480299981276658575802577658470652336529312741434087990632453937109499668948112894385986944205359949301363507200
64,399063088600949747027738307478620729265474111457434153192944486631403308921376380262079928218256570056167129088
60,670598834698584064
22,87201062761347240447434691219009358037431303357638199737612536812289420640293588089760462009103235615818318829459569847894890738576674527379456
113,277246978474691679276226563531005727894727134501928960
19,254446411647637765872072564286369275239586447219654416163665935219311515568242566365184
68,13794035268238419934037665951296246583383095959155172704256
120,623328158578009601316589746717196288
98,39423615453650324867362753225757459951406945046767680153358199595612510738655052323356672
120,2123211540156345204484633824755449856
47,6118129019083849227324378354325843280402866593407545344219574899294755821467647857283490985830247720207465854864991436842594031074911252440373872811976106196877988945056196525467249178889156249228325936955392
76,1136119760069706044375753989137574434730566252891191154301452200257489113394925944289877544546409708906488924581074156126208
31,3543139334314242999459931492239109072403452881041365227807772246016
21,12751458304
68,30286903523740878550821831762628715324384623736405922676736
35,28520678099027266243485835794965235159765527151892945988260182154527882011955641862811828019784326421592559606731469314965907945534375641009559914201605700546085299159040
49,44014069550825454106241582240858927052925015622929060705548398961360896
4,64826128492112998536925333658588413952
73,368486490768681271943832875192867343529959099628301983692008313585664
31,3788703446593447959818540605562611681381910011410568758447914876928
4,2469094476364820151189350025956007280002562951053131250664670825978661114200705278265884116156019383257155762080874579277743846145475298399664361856815985708249382912
52,8722454948580492270700952099329372819798556145495624097722585292464792590864164002181701684375839937240996996186112
64,906205763697990050542155739899367906040347461434590056208978105058811680675625530178473170328957627835879522304
1,1147815565978998449355247677018639882481759969599473093698503949959932432433679516736813101704252807847599161972376331083378065408
9,545453440390109656123726145019276232865587350822867327153979957869817225735770063354072857068287353542376301251303521221041706859621340791057212086338212130559573454394670944459318627925583853052240068608
47,1748036862595385493521250958378812365829390455259298669777021399798501663276470816366711710237213634344990244247140410526455437449974643554392535089136030341965139698587484721562071193968330356922378839130112
11,114874331295936944486881792235021415067201698903442661157146833581590565909931401033754285059692537233878324596530831341649920
82,624923178377850313933847217620425420784007087755199274445285150427964344621338316851099436409803874278334012318352696763207818888365935070695331294366130847252537442245025787958440451843678102599750434989015040
18,230029725876498120335470846275693733849712770063219224978036230223812526221834384249015213456451433958900297537370649529011442478632760656562467190003463545632200603539481110329536840193659790663006198206501692204969361408
84,272022967899551403944415014508721512712166566749661709722501332979883967896429868833206863551025142126060700877468495406682838662484375204695107300949482035812058943484592128
103,554136463232897133623788961792
42,212793100351063686841344766793288519186625992216060392587868006783507813893717193019820087864418718734051197389643687165101672667853068221402306036543520768
107,221040502669211344083289934890369892942348288
32,7603145987504445083203663789160550097196035068195346979442303282638034220072650921692209579389921194554997815237611613038238783849039564970514240054201018635679707448720829968824835463131783946193113522450476605332520960
52,9261988244368976328682454291040468045765477144186075072839446238390449864525864868296033747326922819956934954713088
113,38384250009408005481993634291875866584937932255850171136188761703873737541337350549300926396270613234115957804257119140591697115139728631275593655193512349894672941889093546905960448
15,91756976142593417138721180598394632908992098346638590180480103797557622756149880502988619475752376182643750618325958833956782059146835533829137367124268321875053398321064633329326905612354193500635549717548628151741440557222205704896512
22,13554097326129152
15,8073992778184279737540378416534594081693286309535426577020711768784401883224962821808908804095335251537035264
87,103788720320881217395861839950761880379736741491632937717727232
88,29590783279510361922751104376866957496456453778571264
2,1717910765577261406666147665409466644399132351175962613802245610937422894854149567418618107557624657766258491408256074329156716058953960574819500032
88,100944773200284038085453344620317860841388382000920897136591089293553550404568969228930772902749804691955181602254093729366724826139983251217866285847501248901178019432198676938752
52,10880588131734428502626960866173753723666240140257427998190029076167421685510967466639029936180171468104748830294016
107,2993115527047006922861822621973442497130302231285928804440686752653362454054690269675452206003547856462404619091891652472422193847716658180130542268575783700945533577199616
34,24650135359125967693665858123678244405248
19,591977365874096026722781067931553007700262346592665376380773808469418628056727603380224
60,437942096129687552
30,11264248714504445527970808884302671328875320875331863231180798081486252062939559095652705894996136793904868857579823233272643584
72,10816
124,93344840842779081274118847397541100711099232417419785675564018896368174248681102744001242851814111230504551062284491065982545249046727777208441525877692208419192606666715432848067979250892034330239913343273513759787574062118600704
36,1074294460470314350269101756515307388681279858250623856661522105987734443419631920511691910991984109104173759816705411634515858236411115248031698196862773688526398385621306008035566805833385674997956506218820886797625971258001181184916193280
49,444497278803719547234227692948661539048384283126044615074487488899990686510656006481287325086348282175011031982854426063318082264154803654903269265567536270766607340853455794734037841254692595695616
35,26187168072743217187200631048104443192148347657647159498311621796430146210977452983127223909074699714371350184362530916468697295445199452199686830312383415955951047409664
26,34389444018536468990152891518216213210532059124451274134216416418459972670164240445227774411739489376855594481836912104587210650555597718156088844905517800072013990229152425994265757608952138704119426631872002984642919530496
120,623328158578009601316589746717196288
50,124265101879977182215134674681856
16,5341869519490034025428229696591914673719249340323665062939618533269221405888061517890670786815492244449910357696170524778720419743442618146037511529309413671790694442967753195381503656678616794493091840
107,2669535470068952120390274230408746010954053341417179744501153049663809756319048078359187102651812953061063579190065527880808983702017559998494807969270293571113584001286144
26,85226013437242553584291948545144528391318581308422722854362423297922540965189639364260136585615256281772560237595825650498739438333437823256394093896283243656730323611377751377093399291750952440643796435508876961941148401664
2,172220729302999629824
71,6290496887727657315822484240734560185123124601434930663374196012187596234025397937841897472
47,535498454654472530541568189889093094678910986672019856967112513800128795722645504
94,210256903736044538847473046556812169154327770541006911987279476799300679434239286714019762407473152
64,11411919177157185405788993017928173725918357468596370638528989404265310937424661426680976343870893466674373272778189354359325966613890967836234156669970856031965404096343543675103090611416917426718219296829965464150605555487924635297644544
26,77750047346256364673389146041184482041202916281368098042576245815648633862980021876167142148280584678108300567631279540805867557777873101918113910221170678423683803996344615291383451985457009244096094993797571965279644155904
120,2045295520334094004320060106415800320
52,122367254735475805992556733408791203510743877187404393577826708453460037555226645422093669099658380427484934927693302125226758709595018460632943908899797841093102139924103046248622657121593263552148188708353312439043872535673277399729501634560
69,291060986970954534936466869463583292336216013787909881619286609984322356086121746242628451945289060055967488083508196142606763074216766165992505526167385636399852175483155062107301841752114808883855827811415156706554926430522460602368
82,53771431032890483066794709274380658334654785972031787016835573799516381142908403712
60,17490041730990217941171186638784162669221935702017718918801143097779192368424599668289098380111563257801274233794462295206346656708807290920108032
103,1679726154174719436297110290432
36,90786852656716067448810464951386215907895360356566269851394870708644252779613126509623183669653369687778021867520
121,131661888342472071943663018353096660156956818030770175091548964204845355524325836351031104606895597291565787153700242140843634765235547765453528172917155146604944669631256412101697168903014150690048680137005612598066009825708125269448920642889973760
120,623328158578009601316589746717196288
35,30076351449883298947675972292872429804843646814723470314892555726593039212607767782601564093590744226406699221644094913964048378927159766882808636794420556939508133658624
41,34068647445329259610191648963837587234648585394628511805843963904
94,788463389010167020678023924588045634328729139528775919952298037997377547878397325177574109028024320
81,1785766705325490112036864
34,79778120556719625855904435790112545901442033991308939827301208823854215418057739476396721733662451528930236662185928153750791456040211583243524235528966994534504333312
11,128002826301186880999668282776166719646310464492407536717963614562343773442494989723326203352228827203464418836134354923552768
117,184118705135283290861731840
72,10920
81,20038250122090220894069763199976147400395212805246208621542742530087335915506597934627206663213328557097879438606732813665269553904912393465659297628160
44,19291706830990080809978588915826688
42,63049807511426277582620671642455857536778071767721597803812742750668981894434723857724470478346287032311465893227759160030125234919427621156238825642524672
21,167501655344922587691546927919097843995381849753046688441750624238749558954230469493915580383518926820010758417471673267601394152153022464
60,1519111645949853696
36,1197070970238350276014141957259913947387711842050695154565696060957761236953304139998742415105353721573222189510043172964174813463429528419235320847932804967215129629692312408953917297928629752140580106929543273860211796544629887606049472512
18,69252978879406311912363417932566878015189782040711642377467005926174988025561895240263998111744
72,3328
117,2102923267358268272737648603459314959910566696579656657518994725157529143714619695975786124728496953301253820357055669099562470275257351546977917561995264
52,126623507074101051418384793701270897545900185959140198571838072225754299731060615697644753242255193659745280490395677851321602490798323450568002827470225592087644823051897934813792140847561724893092473532991688523880181145609739222328788647936
47,507800258724068778961831904205174486333450073568294691951572211362191099392163840
30,3640969281455982392879453376744297803272830990006258822199853925328889555697635263241278673130064418231876802450043873381056512
99,47161610268224950748973006936694351577416449595514875118610268519247496677857885778580222855626286423902180605534372640091849859623051086778827680459812131193257005134592925938245792773124151769563136
2,153717675741520330752
35,26705725856361894755264009880740174740507720878590667607189079653785198611194828289723802600343505649309396722666739449468077439909460827490769737843321701420425325576192
47,5298736739742262277236291967585774983920339817504749092761596118139208166806802162111594871656553829108251677874144369408318044770235638274252371988943591974081829711343313062235028306716501394420960856113152
9,46522179431921981665915543940260236526985323106293808350189425630781695328256
11,1255757577075284174762163118465346065427195995914714461251352535394926494900522725994154413277579360814916624762535604023185282738330958265646363542476174148826099182117926611539270801353955474770599571482724658804419548551466645842662490821175470456832
117,172911479605309525331017728
82,181795833709920091326210099671396486046256607346967061656810225579044172980752964902138017864670217971878985401702602694751365494797362929656823649270147155564374528653098411042455404172706357119927399269531648
61,1000654419255708432869692731560177945759982812237889741850071434376785690217901206353381199419941719810492933748031488
49,38322595039942852282158619020058203727115746361343406303968864612909056
107,275730936319325491072969918780770691196125184
120,26507268930354211854628010920924275317428560434196237287755521376731331976575906180038897811607751033847359282981756592320812388604337128077053922099872886150922240
47,2512802989980866646936798252669542775879748779435241837804468262210346140959926798527148083465994599370923476105264340131779691334338550109439269190633043616574888316719509287245477341329474888075919581249536
88,31545241625088761901704170193849331512933869375287780355184715404235484501427802884040866532109313966235994250704404290427101508168744766005583214327344140281618131072562086543360
107,1348250237408561676964784964852902025734370374453121083081390429123136240565175797151104597298895430838920999590942185798388375607079575756815559580439542207633123232972800
107,1240390218415876742807602167664669863675620744496871396434879194793285341319961733379016229514983796371807319623666810934517305558513209696270314814004378831022473374334976
17,56051049292560058444950386573359852868238357497192191948371307776468072490927546670285892764233086873001061366732119758504250500433321380323522510848
49,372659334754633559802433318330696037788039348479411141931135975542416434145297459979261090728958660813393087419968862255105058867927764680373447970122277883572004134250877080433587281051913994371072
107,3154905555536034324097596817755790740218426676220303334410453604148138802922511365333584757679415308163075139042804714768228798920566207270948409418228528765861508365156352
99,3867167214327698519403570743093398142443204820938732644059907605294743552
117,2065032758036497673228862142135723699371637566911554735761895721100636726710752674426672861219875386575105102873144756142813596936964426293879216344662016
88,27991281480617909926926720356495770604756104925675520
18,70467943421150282296790846317348753068087848392303074699878707784528935183905086384830033166336
35,8296924537898841089014061322171704773749971535096129742039325717680838403478004905545259060300894959008744612867336527990082311428182004657326520495012567431588450664448
11,1501730710729205817241349708680207665871698304392854407269658702121767767097532332116720741651538204685879674973753918213293740181921558338298744030177692796534304176553396772562426937701637474983397425690681035271264614762578669255142772528416026525696
73,4489871503067874214487148413622843828771558415414592071459469584848390772834909156376639647336851335101121535180347738013313962264189935908113830965328649199662700412661169643778160012673662582784
4,204607468053231651632170584359919681536
64,3148115635077844249872825660118116889908512405130033279594203973590430603427492807360269336240246473565344351111224649478434749410728542851374939771026443043300801130025805151752576720390873772887784633608266334938098084272530933875212288
81,18398756930282839184554964392705371703999240848453337007052881777625644795146967194521344299859510766062598393629818310729020226767237743091196264185856
76,1157159014885811711864193877825307294632984146463250249751479092854850022902239387702653054630602481293646126888131084943360
34,246813560472351342491704348225660688882586292660612032590713114798798978949616131505102357863518209417627919673637715225666511067124404585659653103667741639341122781184
74,110876250417716627851430626405396913317106132914882437190415391831506272366574174789959696264699336729656114229127675904
60,1655968550990381056
84,26543090464855399338991352181474520752499720192
61,12836857053293740204297429842118757210031427255555187861938273137239494722315254351062069774071988708497202217110365189902048844109167849644137698408410096999540732313429383912551162917520879404287963031109342271866306767568368856959449632342016
37,816686497325076854529279590016601799360795432619490501839220886047573250096742149787259661125539261458849589162398960296624832826898779062547868512963176806162374677177603839020691779655240425099985381814849695923297382213615616
104,12798735218174069307449854509931555638064655496070001011796926518316112566188327477345742791786802442968693335972394223709089850982400
34,79778120556719625855904435790112545901442033991308939827301208823854215418057739476396721733662451528930236662185928153750791456040211583243524235528966994534504333312
9,499998987024267184780082299601003213460121738254295049891148294713999123591122558074566785645930074080511609480361561119288231287986229058469111079143361119679608999861781699087708742265118531964553396224
94,8163754971356918290705860334324370614326306209543650294470505810643106555612902296997549925569461391201371559601284351784616093566676675701401960573222921234486799419616184605595262458472985970630089974348745056354362636369920
61,12394206810076714680011311571700869030375171143294664142561091304920891456028521442404757023241920132342126278589318114388185090864024130690891570877085610896108293268138715501773536610020159424829757409346951159043330672134976827409123782950912
21,143968364924561562974552731434596494012559606399312856181339379510991356456528667994770416197404697432075362606752512560583016461354663936
26,6380993773239332459012853876874407777820644478558202557306258160074930475618439891260816106717184
35,2497880383058098059624806956532728766398464
72,3328
76,1020403858581124873189334601355043705267267838244866129326304290972004111104702005519612239083349460777124311892261047631872
21,149505609729352392319727836489773282243811898953132581419083201799875639397164385994569278358843339641001338091627609197528517094483689472
13,58302912183920609910113839056504859557410559054622040969125413274529352350867866771846454277743603789751777978194887490515791333217303315666337558561928896622034407014185938729984946673823518515139438444544
19,571206230229390902978122083091849393394989983554326240367413323961719728826666985717760
117,164906318512471121380507648
32,2211824287274020387841065829573978210093392019838646394019579136767428136748407540855915514004340711143272091705487014702033100756084237082331415288494841784925005803264241445476315771092882602528905751985593194278551552
52,10700743699804933816633126802270055315010599807360611006484408760858869260957067177934252581863143840532769510785024
107,2831325498557979521626048426191094254042177786351554274470919901158586105186869174017319654327680404761734099140978590176615588774867109089312675118923038636029558789242880
21,13570359296
61,972598687874707261854654617591200994009702920305986291143994665188651511987492761315435932146485409909264159904628736
120,7375935702359432863896489995387624436154034207776344288766753774394805419568947806619519391056069852896656496134054008297965186394250331291006308758225498755039232
122,1544039416720519721250750448078142872176120039045884922063181215169655819984959826866990410401159846719743164051709639148264599622516736
94,8086004924010661926032471188283186132285103293262282196427929564827457921749922275121382783421180806523263259033653072243810226008898802599483846663001750556063115615619839990303879006487528961385993879354947484389082992214016
17,176911124329642684466874657622167035615377315850512855837046940169477353799490069178089849037110680442909599938748252987779040641992670606646117924864
84,89739535801913865218776087260609158832879692123599739289897346962435948172018101058377521996214479876638581732773111886740730280407216562373643645674055929340060682386669568
13,3062781280765799453528531590048692268969235583584994208449168058041187575005184
60,1478054574437695488
31,2490721710260507455065892435138383605352922322316207239350018113536
9,41400471604554424051319337267938008652454828819362379907966736570512150888448
124,7746284847443352900218601981246073935983743722271776651435350484239835631716243801117916086616125865984
87,314609558472671190231206202350746949901076997646512342456860672
1,15122531824678325283469856487079255347580820663050139940130102417173244295207812483196903159516620861752648732480527732540158535614031604298277890228305240784741583354732467802929333223133951554977638517906929796287515447529150825514408763690289277874208768
60,437942096129687552
34,22543286183132295241215784779774120951808
81,1554848596878228459618304
4,245123798360802275717748917896537440256
124,8172685848220051225001277319663289015028720440928938668945553263188817409608881074573948164778481418240
18,230029725876498120335470846275693733849712770063219224978036230223812526221834384249015213456451433958900297537370649529011442478632760656562467190003463545632200603539481110329536840193659790663006198206501692204969361408
13,61454420950619021256606479005505122236189508192709718859348408586666074099563427137892208563027041832441063274313530057570698972850671062459112561727438566709711942528466259742416565412949114110552381063168
88,362770278688520761869597957229267312398739497815809474084624227148708071766419733166469965119257110611713933883100649339911667343940564809064206964764457613238608507334463995248640
41,34068647445329259610191648963837587234648585394628511805843963904
32,584117568146139607897802108068209160047147284418957847313318201131705364588072665656747622400
8,92267794436377390863128200343118706243365190362241957888
103,23769777431807706648647993209205858291365333056431042372037404017002206174201890894362125370336550211181422641746865203331357213564624213175902037267231801344
82,630604298181285316787791283235156560972952606734791995122060469977309475026986847004291249468074818589955230612155903097418799060078352662247107033405822945863924146265435113303517183224075176259748166216187904
50,57630192176221301896874052026368
22,157273345337429844378408996662856163603224314984311753098194039607879133654815221376175118980704049949958039317418152761381856510647216558309376
68,390325173429002295745784156710275478872613284450600851375999496793169384420354924696891198198520724798476939805067949305216902219731996037149147924812250029151163071298871268092611133440
36,85599032504903720737449866954164146427444196907619625859886592382436009763635233566216144602816034277047849189376
120,26276770939655479577631245608568412053798746865203226528731560321281494307214376561082037830637248850944338767477567404561500976529516805224209974951178339314827264
70,3773568256858962531520217137632868847941149555434971593703424
16,459640446045806452591967265464815322073249487288717937122549018229318090752
82,659009897198460331057511611308812261917680201632755598505937067724035127055229497770250314759429540148061322081171934768473699918640440620005985728604283438920857666367481740028900840126060544559736822352052224
62,18906766705831689497925850365825234548810687164084574412308263460220593989998308349822353857925702669075414481777070680254142011458925744684309659524095304178694950979922234748415362033961461140472449524031291392
94,9019005492165738302113140940777399916779538288638699372938844514615241528105682537635388489200547822660562865845228426733480636702233279822501213585655798697147321263575975373800480430313013072315147019280518347972438722084864
32,607482270871985192213714192390937526449033175795716161205850929176973579171595572283017527296
99,49029396813501186422199660676761454610185417896327345420337407866544427239357207987632904948918416579304247164169397299105388467924954100116603034141388849260316688506259972510057507338396395404001280
21,13453373440
62,1597779664977317211127614218438739561944027926026087385643114192899915325389278281728
11,122532620048999407452673911717356176071681812163672171900956622487029936970593494436004570730338706382803546236299553431093248
2,153717675741520330752
44,214983702863240681429675339408834005500883809541558111781963676717637057000657433065532866866718382130701826960637992429357759339015108814671758398301644645203968
8,3582530000878080511652739200575080881260873677212682639377617759028215503858152717934753130318590568517489395063997786455225064079708005585722074484727819323502807909648731044556308480
25,139185092034560
36,100297856268372036419638227946293343288722493346301783835826714306692698308905930239202755292188484607450005110784
8,291220226189816139911748382332968416580621382080826179584
42,236436778167848540934827518659209465762917769128955991764297785315008682104130214466466764293798576371167997099604096850112969630947853579335895596159467520
38,857350278895014765029699213777547118933099855646667096540514387540086028082796011162261831825109563736064
76,3983370585488609594804641137082778954566839003694574024587954117033866756226876212511195601197714070784826724068312780406614695442762754212994015995166293890011416913934739449767710710083919031786200068145042533876033460908696735424781889995798478848
61,5090477796995793529290360109805714066046945290996022772837591071663937562297428449559096634545788625783373292992041368409433162319152767962330466610231590189473049020842686723942702536258279763769364650267497797464225097484008339828747267997696
72,1040
69,39201602407406537187220039912725085507078979606464847241818002685453588732337500372453765137934320052207616
13,2041854187177199635685687726699128179312823722389996138966112038694125050003456
103,554136463232897133623788961792
37,47833445599950132587800118091674768482609567798079072477106080971840904571289437727439495947700142080
32,7672265496481758220323697096334736916261453568815304679255415130662016349346038657343956939202556841778225068103408082247677318247667197379337096781966482441458613880072837513995970330978436527522141827200026392653725696
61,1066117792478044498571448330821124166510635893412331126830917229149098772755520911441920156391339776246693406049304576
42,5328235223393241669459509248
73,353892966381802805728235533601070617053525075880646459585394122948608
47,6282007474952166617341995631673856939699371948588104594511170655525865352399816996317870208664986498427308690263160850329449228335846375273598172976582609041437220791798773218113693353323687220189798953123840
88,30657117812105329919967360390447748757590019680501760
64,10329754427599176444895209197262571045012306329332921698668481788343600417496460774150883759538308741386286152083705881101114021503953031231074021123680516235830753707897173154188142363782554567288043329027123911515634339019242126778040320
16,422705053059982719794398467347106947978077653488731674318058472121605029888
21,12868444160
94,8474755160741943749399416918489108542491117874669122686640810793905701091064822384502218494162583729913804761871809469947839563797788168109074416214107603948181534635601563066760796266414814007606474354323935344215481212993536
13,53050397572756590999292772474837755092778977157809244485420421087634816103041932828436863802271207051936302484663816545424278600495023737678379219952746113142571847823718737042598915441947525856117867413504
32,7603145987504445083203663789160550097196035068195346979442303282638034220072650921692209579389921194554997815237611613038238783849039564970514240054201018635679707448720829968824835463131783946193113522450476605332520960
50,2472056852908001491459391293757409262301994637868828406691890017768229442116996653013661038515001221962867954741673981146461150210720918170293811875792107339776
2,538952397043846715816830640128460123733061129780694153349724113235269927797380256445056661194548912240394820833962689985617793273397320964649254912
8,1808324667109888258262811215528374159112631475164496951304892773604718301947448514767065865779860001251685123222779835067875508535471659962316856644672137372815703040108407098680803328
122,49494016
82,181795833709920091326210099671396486046256607346967061656810225579044172980752964902138017864670217971878985401702602694751365494797362929656823649270147155564374528653098411042455404172706357119927399269531648
68,9595850621383248649765332835684345449309979797673163620352
74,84616085845099531781354951730434486478844154066620807329527535871412681542911870234442926096744230662105981911702700032
47,6227381322996060820669456539224519053267203496861251511080638736782162175422427283306410467720073572354027745130437712500497495915534667662523406255047108093250810176217914320564878628512176896535974614401024
17,183917505491212691772493455943837017223907110537661879830593353641535862860856012511875585632639816302034732609589767957592071954546835779186558238720
36,100297856268372036419638227946293343288722493346301783835826714306692698308905930239202755292188484607450005110784
42,16817242423834919019231576064
62,1597779664977317211127614218438739561944027926026087385643114192899915325389278281728
99,3827706324385579146756595531429179794050927220725072106875622833812144128
70,997968464623857859575594614911171926728237898958009016516608
8,331587386255731248414366969983082850562093652864307036160
36,90786852656716067448810464951386215907895360356566269851394870708644252779613126509623183669653369687778021867520
62,64401174091739192352309927808592205181886403152663081591925022411376398278431737816582392828559424716538130578553147004615671226531965817830929777753949629858679676775360112111789826928181227009734281191231586304
98,715734560415964437633480991448680079079777373283585648952341621550110806085375960890875027645635400240518890622152787671700799985789092990769226470944151834988676064295936118636011945157645072933725049181728566935552
70,39855748617768670780151342256089219806338112826810443296865694072553441143722059219958926710598043463059027162641120059965420415745725268084174813559010839340235123789353837120147347734528
115,1228819431424
11,414270540890815397859682678256609011274951256384235698557147228171522142647595126101164342524562263361621979303104529162287928326047326438151377663497294564561187359049212902775841913848727579305764807087084423523107479934504460484177316559563041800192
82,653328777395025328203567545694081121728734682653162877829161748174689996649580967617058501701158595836440103787368728434262719746928023028454209989564591340309470962347072414683824108745663470899739091124879360
42,218704019805259900364715454759768755830698936444284292381975451416383030946320448381481756971763683143330397317133789586354496908626764560885703426447507456
72,121834114096080082830532268892617693093115470587589432708451512049355302312754271178579666960278215562875061563583368091076913004544
17,15838613848626280005632
117,1913470720749415275193716296841358657215921048239147048733499704873067058695284588230219807185389119670510232937501104315818103583792725281484411475329024
36,1186839594424347282202055273864530067495509176734022546407014898043592337492164788374821539762572920534134820368931692853369900527844660654968352293676969027324402026019728542210721423587359412378694806870316408271662977770744162070955032576
36,38908651138592600335204484979165521103383725867099829936312087446561822619834197075552793001280015580476295086080
4,2349235521201479367151032063530958382915059895176765655972211077144745526132709876408316926051358248147585094018696201642901911866568730516185509339494821353479995392
21,134278186516177611620496297588037114607868094430128337015287690505443861310416161495122407414887073566454905508221093445928390353378869248
38,10057696364681421730076228962834158238781502880291357087204915909914985261389423322686980761330601534385895772116419037379740911518908686625341987833308097411653545727332581773539576863429448023330354626896857878982516989035481661440
115,1228819431424
17,14802442849183439257600
2,538952397043846715816830640128460123733061129780694153349724113235269927797380256445056661194548912240394820833962689985617793273397320964649254912
79,2440068387733492782091562161254122014890509991936
104,13310684626901032079747848690328817863587241715912801052268803579048757068835860576439572503458274540687441069411289992657453445021696
4,196504201991717526815054917652596129792
1,1372645419108905362115553923032600271833857283232359575969344929848991362498008494241962059770034285673417554523666540264658305024
124,2274138670809057732174268471558480421573209166171530760054414821061236148760732125098837750199229612032
2,159410922991206268928
68,404518816099147833772903580590649132649799222066986336880581296676557362035640558322232696314830569336603373979797692916315698664085886802136389667532695484756659910255193859659615174656
124,7888418514368919008479493760718478962332069295157497323938751410556162891013789558936593446003577716736
9,43961325518238202858617440604099122589720075962828094129078081100646923108352
15,9113219571415919703758446925593502230822125141455828017627338036053681333541047145408075283830378402724970496
2,1633699453539160357319767877889394750065841549647729152341351218244411968635808902349078004245976390228696800652949404018903935859985629174093053952
107,2939185517550664455783231223379326416100927416307803961117431135488437004432083237789408022111592039228847779108253965040486658823433475149857919885358202012640208647880704
84,89739535801913865218776087260609158832879692123599739289897346962435948172018101058377521996214479876638581732773111886740730280407216562373643645674055929340060682386669568
84,27491057981457377886812471902241467922231853056
115,1265319018496
98,52384804095946322084029959765732515277896899582691301025695141928416623858212877744734208
2,165104170240892207104
37,21866717988548632040137196841908465592050088136264718846677065587127270661160885818258055290377207808
30,13312293935323435623965501408721338843216288307210383818668215914483752438019478931225925148631798029160299558957972912049487872
120,2240085569889722004731494402264924160
98,54545002202995654953474494189061691165645225338678571171084632317217309378139181981630464
88,30657117812105329919967360390447748757590019680501760
60,437942096129687552
17,10213685565936573087744
122,1437553939705311464612767658555512329267422105318582513645030786537265763434272942255473830373493650394243635496419319207004972062343168
4,1701997163319439133344115066435694338642543393444391444632928433441601350565534706377454099486188118555903486482932962414755466760473263945399705745960533837725302784
30,130598788015829554175264964320395990804428383575130303970140663681072355469654363503392058980868253524751328975303702818411269404786419659627221808417522111477914314940264367600084163340811369376142355434203364515659633049352531167636899045402248927510528
31,3823784034061905811298341907465969196950261030034740691396506681344
31,3402816984440411593540726284625679010130048806544677496013405028352
120,24893782995463085915650653734433232472019865451245161974587793988582468291045198847340877944814235753526215674452432278005632504080594868107146292059011058298257408
74,31123158011990632379348947762918431808310493449791561316607829286036848383599768362093949828687533117096453116948119552
87,4567173563828750644214379738531112817807782262450055983722313239277049885136150045427885897873716536100171483007837980204926324678417554794534699005614056922914350852009658224064292366319616
11,1359325212297988024227083788029498318245933810010773385890639342437807030562421507519445498908719926655322119588311736313757264819842789875184207958350497789966396021880229837233231279816137369597040773254495764685196418535092760963706819961066230906880
22,15264808639135744
8,299870331918226520305166651115135795290936868677286363136
21,3743547392
104,8703139948358367129065901066753457833883965737327600688021910032454956545008062684595105098415025661218711468461228072122181098668032
74,794114536331343790569296177129691394303323465395379552562664207179574259718398838131219074989143025622206233706758453471871573321787831802123552791196128069557795647251459128935061595656291643148020885441729656404419115207505301013284573807640576
68,24889237549212801185328832042556271009147760100214768140288
73,1381498924020884373688353358037798101160479512435259098910606026107197160872279740423581429949800410800345087747799304004096603773596903356342717220101122830665446280818821428854818465438050025472
88,350152182038485257108916289151727579793565950065694361942550340987013877965848612012853618506413385025219536182818887623740826740673066902661973679033519957125961254905439160631296
74,110876250417716627851430626405396913317106132914882437190415391831506272366574174789959696264699336729656114229127675904
124,2274138670809057732174268471558480421573209166171530760054414821061236148760732125098837750199229612032
17,9621587851969235517440
30,92900168794765352970033840599044570778407819244164855401440265917463840488723207028186103811133087558843728858721190664643067927116112953755446441039268306102846265266785993447482549180577159659317757989278681975056852375312625263576763238482012123693056
69,63798686270877305618416927701101609746814809947776123942566553390051918917333579037522794244089187535945728
17,4736781711738700562432
82,227244792137400114157762624589245607557820759183708827071012781973805216225941206127672522330837772464848731752128253368439206868496703662071029561587683944455468160816373013803069255215882946399909249086914560
70,3773568256858962531520217137632868847941149555434971593703424
79,32373537540540426877673473479264754048961348933588605948830467916698768303055529956809691060134373615497368360097900113141718448656903374876291945176915676509426891170991046656
36,1197070970238350276014141957259913947387711842050695154565696060957761236953304139998742415105353721573222189510043172964174813463429528419235320847932804967215129629692312408953917297928629752140580106929543273860211796544629887606049472512
104,1233024
120,623328158578009601316589746717196288
62,58492809496166789384208099569271819385383063413886652088078690080057462656557266457262907247957642632452063552997812417036251847951051522617083009152669847302837504594134413752910026292568270403336640714971807744
117,166507350731038802170609664
11,121438578798561912743275037505594067356756081697925098937555224071967169676213195378540244205960682218671371716332593132601344
1,14702461496215038470040138251327053810148020089076524941793155127807320842563151025330322516196714726703964045467179739969598576291419615289992393277518984096276539372656565919514629522491341789561593003520626190835084462875563302583452964698892353488814080
64,823067620239458853244710259174655254110040354880957940960448003677269324650338784290539851950154175740844703744
41,403139421129892409805276006500258899481117183905675529857304019036690184819076639303987508161895113405010094600960757513214673230437798282031869566008151713599095305458062604920767453914464256
81,631176163089181849944064
99,21479545270676710242106518010771684876843135459343408469862102493914701457242205404105844072859496787123765424302783578655693995471884653384416567338132257771186358774171035575834717500630801796038656
2,168422624076202098692759575040143788666581603056466922921788785386021852436681330139080206623296535075123381510613340620505560397936662801452892160
15,30270342644979271633392554424212662402966465433942627688405807438369525032956661609233359002310062245820618760684852398831103359718543681263220574721408106185584626250248126459159391542219940123921006092387176297481712348774335902646272
47,147723711628820008425260190314232577842458203219867546749548279669001047095902208
71,1797284825065044947377852640209874338606607028981408760964056003482170352578685125097684992
17,9621587851969235517440
61,1075469702938378222243127702144116483760729190722965610399609485545143498832323726454568578815825212880436330663772160
22,4210981693554688
99,4616924123227966599696099764713546761896479224998282850561318263464132608
17,17022809276560955146240
94,768751804284912845161073326473344493470510911040556521953490587047443109181437392048134756302323712
25,122735944794112
88,28791032380064135924838912366681364050606279352123392
30,59240687347386601893934622990695088612318029662945704893672053628527666398606103032466500981012403660711943040343947670207173750624767680655647005880113122732249792344037445096945393680368043840724367413453072563804369630634137849237356268017514977427456
30,3640969281455982392879453376744297803272830990006258822199853925328889555697635263241278673130064418231876802450043873381056512
47,447787500874860650539069951890017501584951428510223501084568222746659424009453568
44,239363298033298903035102439754165696846344860108126557447959557582523733567742296609046903315521497630059766100504156519284927923851873731799483577490490945175552
22,14212063215747072
1,1313479668285245648231262805660505432530673779644757870108597303562396907217921921214291281331670738877149556483853327322216136704
21,164733032942527173018959375391509449879755703476136825822878713094307417483912610494016149302799605715547770675034124949128643835588509696
94,2488001515080203669548452673317903425318493321003779137362439866100756283615360700037348548744978709699465618164200945305787761848891939261379645127077461709557881727883027689324270463534624295811075039801522302888948612988928
30,156179993915837404993100369702741597250656623656856858356044505020663847778143362540138957131759973287331486197270407494182548978919842067183069379138480050839567634361553264346492401520970297398273332271830827668211519935308181602534848342955266758672384
36,89922215964747342996917031951849204327820166448408495852810157654276212276950144352388677158513813785989659754496
2,1701068503169641196796871707905452265532474190870315921510066732398820709610481434404710086895295004258746153257194740267106160019160294294674210816
76,3983370585488609594804641137082778954566839003694574024587954117033866756226876212511195601197714070784826724068312780406614695442762754212994015995166293890011416913934739449767710710083919031786200068145042533876033460908696735424781889995798478848
103,2026061443695280144811978391552
26,85973610046341172475382228795540533026330147811128185335541041046149931675410601113069436029348723442138986204592280261468026626388994295390222112263794500180034975572881064985664394022380346760298566579680007461607298826240
17,14950467277675273650176
113,3160615554611485143748982824253465297999889333321990144
60,5182234586960064575161833078158270420510203170968213012978116473416056998051733235048621742255278002311488661865025865246324935321128086198550528
70,3617635684261484740961530479052998234389862383722782684872704
52,9981365972086955072657790546655261680388038475773343039661927499624659562741466023115143164595033330244852232749056
99,1262748478147819924703206773254987148552883206837137189897112687443181568
17,17022809276560955146240
107,3020080531795178156401118321270500537644989638774991226102314561235825178865993785618474297949525765079183039083710496188389961359858249695266853460184574545098196041859072
38,746486018693073200586203625789071198381405908795804971987861665013350765830710320063693491502897120149504
50,178293407045184652743454098456576
73,4533043344443526851164909456061525019432823400178193918300426023164240684112167898264876567022782597938632319172466466263441981132114839137999540878456809288120995608936757813429873089718601646080
17,15098491706167108042752
107,3262765574528719258254779614944022902277176306176553021056964838477989702167725429105673125463326942630188819010080089632099868969132573331493654184663692142472158223794176
42,63049807511426277582620671642455857536778071767721597803812742750668981894434723857724470478346287032311465893227759160030125234919427621156238825642524672
18,833857756302305686216081817749389785205208791479169690545381334561320407554149642902680148779636448101013578572968604542666478985043757380038943563762555352916727187830619024944571045702016741153397468498568634243013935104
9,525251461116401891082106658166710446463158189681279648370499218689453624782593394340959047547239673781547549353107094509151273272227957798795833860918278347946255919046720168738603123187599265902157103104
52,107470371550287447002158522385112274387696796486329076098786935250430119939807749457664874600569534114573725458234987083894805475383450995860237693903300712612202748976820936270529464080703648858843191822118996142116792400895661020631997087744
4,64826128492112998536925333658588413952
74,95314671411721311661756152523937697412950886189986656532111477188487848174774290608912721350355570171107887670653616128
9,530301955934828832342511529879851893063765479966676568066369403484544525020887561594237499927501593721754737327656201187123881669076303546861178417273261793599585302883707862668781999372095412689677844480
82,55691839284065143176323091748465681846606742613890065124579701435213394755155132416
37,363870221580479786671461203472743375952829648196802698839256830417235606478746502380462225253953136293546846656514388250971460170400446116976773099835078775022840202702892799563674555291938803262369724570972636797508734649630720
71,71777951630286719316957665142424773644857673720725303652077688332596826553133417792199181343890864424120608745250179563647708798574849039931428140371827798308864371019392450754640055071523834457067854932224779141251072
37,816686497325076854529279590016601799360795432619490501839220886047573250096742149787259661125539261458849589162398960296624832826898779062547868512963176806162374677177603839020691779655240425099985381814849695923297382213615616
13,4882694795423738259248383694280523907052404553541295114918963570790299032616960
15,97432665388527030569982284552934507109548310615502832872056192692251908699829254554719874288685512853735116635954368658737613939094062474065991224884532341784850515742986157040419291526520432273870738359871223707519261622617393686642688
34,24439450441526600448420850789287832059904
99,48562450177182127503892997241744678851993175821124227844905623029720194598982377435369734425595384040453730524510641134352003815849478346782159195720994669743551767663343210867104578697078334495391744
38,236510421764142004146123921042081963843613753281839199045659141390368559471116141010279126020719879651328
71,5728845379894830769766905290668974454308559904878240425572928511099417998844558836248870912
87,4260136685588162365611732361150869939299696059932405161287199744199601153362291218844498610621701979051420458940084166409637159994154189766330685627085380827256243231706487923286860946735104
35,29557793666264621379612593460236698256484273593779962206015097869237986812390392476004985402321938291468652683339886380964668234462898391591725729263482271475033855492096
124,26910224387107482889836064114606443448244823759976875149712149591745779963583741331603961903225689724109420126063997424427400432157615215051082241694469825850578048768782827487731309333590496383492587630493265228046868198088245248
38,857350278895014765029699213777547118933099855646667096540514387540086028082796011162261831825109563736064
8,299870331918226520305166651115135795290936868677286363136
38,8833281155068031258588688045619565061886363399212409267893013103490552273046363092099000494733832651938917156380507154568294191855737194340517745836209720335452244508352963122847802288751080437881441889709414311106384486022466502656
124,26910224387107482889836064114606443448244823759976875149712149591745779963583741331603961903225689724109420126063997424427400432157615215051082241694469825850578048768782827487731309333590496383492587630493265228046868198088245248
44,20977389952144553890462154937597952
42,224614939259456113888086142726248992474771880672508192176082896049258247998923703743143426079108647552609597244623892007607321149400460900369100816351494144
25,132858496942080
11,119250496297686923324477289082069849926904620766430953010752427241841635087452597263611591157204633890407022676398672535617536
8,3446052667511296492161206278648411133403316584747437586448946606303331103711175471537238725354072832573965989537750251733121252114766748230075519266261997634988415227376398433335115776
19,166169085157640989957271878717628914442178904306713088106883876061591193840484941299712
99,54632756449329893441879621896962763708492322798764756325518825908435218923855174614790951228794807045510446840074471276146004292830663140129929095186119003461495738621261112225492651034213126307315712
104,1243840
73,368486490768681271943832875192867343529959099628301983692008313585664
22,155716183502405786513276234319659567923984470281496785245736672879088251143381407303143682159112920742532712195463517585526590604601204513177600
88,8530676260759743977730048108646330089068527215443968
21,12283514880
81,20038250122090220894069763199976147400395212805246208621542742530087335915506597934627206663213328557097879438606732813665269553904912393465659297628160
113,10498256412829539960887147840513057527504391728095773302205473286529569242075172799808800381885979687963338886634425747854139381918558258126658093728140129885722514020948662401630208
18,496001596421199071973359012281964613613443160448816453858890621420095759665830391036939054015473404473878766564955463046930922844551890165712819878444968270269432551382006144148063811667578923617107114882769273816965185536
37,73800173211351633135463039341441071373169047459893426107535096356554538481417989636620936605023076352
79,20707397886291624399232582135385563400686988957520639841143812811582095040693176819220613200626491231534352734837395567865423512203965221767718271239288405695219002460724002816
17,14358369563707936079872
34,22964656018331029731705799448554945642496
2,1633699453539160357319767877889394750065841549647729152341351218244411968635808902349078004245976390228696800652949404018903935859985629174093053952
50,194501898594746893901949925588992
30,43084136252644801377406998538687337172594930663960512649943311729838302835349893114521091622554475389608685847522871032877944545908921949567743277003718634714363485341118141888687559040267668247799539937056780046403177913188463890354440922194556347219968
69,882278616755705934026165198061486854894154791794601828658462536514977141886056543297967494959157463294651448253134219557276750568719572440664782376194887710337051906933313782012758707811098014429187978053352193766744620742521208700928
72,11440
98,54004952676233321736113360583229397193708143899681753634737259720017137998157605922406400
35,701159405770694192175384408851292285304832
35,2125389448742416770031633989330479739830272
71,6065836284594526697400252660708325892797298722812254568253689011752324939953062297204686848
121,11632280306981498851781669226390763888356046926859596042082176195656272083370413425332613748471965502514799352459359682560
42,18482315931145307040937672704
13,443881345038521659931671244934593082459309504867390464992633051890027184783360
82,15363266009397280876227059792680188095615653134866224861953021085576108897973829632
115,389328928768
76,336628077057690679815038219003725758438686297152945527200430281557774552117015094604408161347084358194515236912910861074432
15,109729992088049859671048009787770901210753437198042025370471051964089528244467898333470926383373975641099743007482589945762749678979720844579174583365104384922744270157149458414452794340547282949213647084903514078371207264306967647092736
117,166507350731038802170609664
35,2213034374463753544053557040436891275493376
64,3148115635077844249872825660118116889908512405130033279594203973590430603427492807360269336240246473565344351111224649478434749410728542851374939771026443043300801130025805151752576720390873772887784633608266334938098084272530933875212288
120,26507268930354211854628010920924275317428560434196237287755521376731331976575906180038897811607751033847359282981756592320812388604337128077053922099872886150922240
11,1307541394686636099494623453247422191836564902962743923570995938916366762731472116756799956093149643735119372175423670168471273779086874070415285750413335969396247601999078224386251040585046422183820172368610211744807983543279703403184655391120850681856
64,9739482746022080648044054385990424128154460253371040458744568543295394679353805872770833258993262527592784086250351259323907505989441429446441219916613058165211853496017334688234534228709265734871583710225573973714740948218142576676438016
60,18461710716045230049014030340938838373067598796574258858734539936544703055559299649860714956784427883234678357894154644940032582081518807082336256
11,110498166294186965649286295387972980207498777040454369303541239921339496732410204803896978962180440577349626516662990147682304
62,68537029308639874429981207576116475239438740969806582244617455043299653213743867768106032734980672175398377496441881215921264791538605824480622515774845477647769197302218100963005687373110296634212629524613431296
44,5993539986327015397274901410742272
87,4106618246467868226310408672460748500045652958673579750069642996660876787475361805552804966995694700527044946906207259511992577652022507252228678937821042779427189421554902772898145236942848
47,466252964828463151592227475679296573815258703912706944428261757705284554896441344
11,132378991302936859837263779623215154506013386355395828571569208222594842620016185953183509449740923859993116916002196117520384
32,2211824287274020387841065829573978210093392019838646394019579136767428136748407540855915514004340711143272091705487014702033100756084237082331415288494841784925005803264241445476315771092882602528905751985593194278551552
52,108534434634943758358615537458232197896485873679263027347289776193503685483766242026552645636218737422638811848910581015418516420684277243344002423545907650360838419758769658411821835012195764194079263028278590163325869553379776476281818841088
87,4260136685588162365611732361150869939299696059932405161287199744199601153362291218844498610621701979051420458940084166409637159994154189766330685627085380827256243231706487923286860946735104
73,415915445026036287144524235366206704578369676808182437038504433156096
2,538952397043846715816830640128460123733061129780694153349724113235269927797380256445056661194548912240394820833962689985617793273397320964649254912
62,40176879249892340183092432027378623416222710223679720626155059852968762228746405243372501948092118171785255773776275195540051774350217207454158026488702521379726770832334748840382644322168104923503955238566494208
121,82587911778459754219206802421487905007545640401119473466517077546675723010713479165646783798870874664709448305502879161074643625465934507420849490284397319234010747314151749409246405948254330887394172085939884266059587981580551305381595675994619904
71,4661707515012460332261305285544361565760886981420528973750520259031879352000964543222120448
25,59469993869312
124,4619344175080898518478982832853163356320581118785921856360530105280635927170237129107014180092185149440
88,217662167213112457121758774337560387439243698689485684450774536289224843059851839899881979071554266367028360329860389603947000406364338885438524178858674567943165104400678397149184
2,118134880430983217152
44,101951034347516199440876965080477981990109847823831681875982774525889738371445793000149606967722119360951381857622140739695432263862835107988668931153357254426624
107,72920578200152195986239978520534397671702528
103,14958566832085884356476754347172652200600597526891949078954573217596215954454638235245130620987656598415895283168285860717147211984634203119317661383688978432
87,4183377466028015295961070516805809219672674509302992455678421370430238970418826512198651788808698339789232702923145712960814868823088348509279682282453211803341716326630695348092503091838976
44,248228605367865529073439567152468130062876151223242355871958059715209797773954974261233825660540812357099016696819125279258443772883424610755020006286435054256128
47,5899624411259426040634221984528491734674192786500133010497447224319943113558089005237652022050596015914342074334098885526787101393664421996074805925834102404132346482732760935271990279643114954613028582064128
71,5672680229111548115161347395662415881227103435222571401792801760990600175326474926089568256
34,271744223146326225571674484410070859476786928282896076286744742556253421267759175091476333405287725520418618630570817773713633397136970705423254427270543825133155385344
15,95540768973215826092895249901421215709362906525881418641530829727353813385269463204142789351041133963371327963411565383810669979111653493987039938964444335148251476602345649136721829555131686016125675479097025188926654600818997692727296
42,216733713320527829190258558770942010282674621701542992450606303205424625262119363260927867269315361673570664007970422112603555495035532447724570963146178560
71,77094836936233883710806381078900682803736019922260511330009368949826221112624782073102824406401298825907320504157600272066057598469282302148570965584555783368780250354162261921650429521266340713146955297574762781343744
38,236510421764142004146123921042081963843613753281839199045659141390368559471116141010279126020719879651328
62,57311136577052308790587733921407742226082395466131366187309423613793675532182372185399010131837286215634850147886745499520367972234868663574313655432413890791669070157889274081134066165445679082057112619719852032
21,3743547392
81,20949079673094321843800206981793245009504086114575581740703776281454942093484170568019352420632116218784146685816129759740963624536953865895916538429440
70,44653199840277862633317707527655514783026959741148737397414342433138577577688603385324353073910770916945761913699773400516813613937340346649862522598521403334893055356590873069794713665536
70,42438991583735158701087077402317224793785953472992601658699581651330053069704044539771079367766435168998038182441933397185401368618133387311852810734131912260435548479404548785342083235840
121,138843445888425094049681001172356477983699917196084911914724362252382374916561791061087346676362629871105739180265709893980560297884759461750993345985363609147032560702052216398153378115905831636778608144478646012505973998019477556873407223411245056
68,30286903523740878550821831762628715324384623736405922676736
22,169730640017622307299471095408428929037143072606831495917852973438206193746285733960426613553433083609360656293055234168223983759015312919363584
62,18906766705831689497925850365825234548810687164084574412308263460220593989998308349822353857925702669075414481777070680254142011458925744684309659524095304178694950979922234748415362033961461140472449524031291392
4,2780727759789506189688976728261134412430070896331681796865066172946841643177493323095558810428138334542039499042538361128332875270632374896709378401851013030649790464
32,7188428933640566260483463946115429182803524064475600780563632194494141444432324507781725420514107311215634298042832797781607577457273770517577099687608235801006268860608784697798026256051868458218943693953177881405292544
69,74559910461145766807065566108516339101699235722099807499144044323313688373269363453490494478031942060081152
69,89164429005081535563088718232864900369042384987253378040213496304168946920610785160875230509811394628550656
25,40490208591872
18,826669327368665119955598353803274356022405267414694089764817702366826266109717318394898423359122340789797944274925771744884871407586483609521366464074947117115720918970010240246773019445964872695178524804615456361608642560
121,10620777671591803299452828424095914854585955889741370299292421743860074510903420953564560379039620676209164626158545797120
71,72442562293530114866188754634484262289717466995917204611819148409750500873069838327312136726704668724343947715113607152200002398561653197708570993523418796441353855936238677150516351877741647739077742477893527096262656
69,86089793522147689509189107259317834839075406194589468452619927466094155647486275327741601871542036193083392
62,63810337632181952055499744984660166602236069178785438641540389178244504716244290680650444270499246508129523875997613545857729288673874388309545100893821651603095459557237542275901846864619931349094517143605608448
120,27890256874546605516608602795059454899207441848154301841899287709430357992745083893780057697430764131265482376006891718876680861053259065194117604992040167167492096
41,127727341348084723898701308990181037459363860247342742133007213952218672417925271858689111496838055732280426012185586538840292508653559851732869565467929255793772770046118845123411470547156992
100,258893720654066749324139080220336339842524413689856
37,75166843085635922637971614144060350472672177968409971035452412955749992897740545000262065060671651840
104,1070784
32,7879624023413697631683797017857297373457709070675177778694750674733962737166201864299199018640463783447906826700797489875992921443550094605805666965262873858795333174128860149509374934518394271509226741448675754617339904
71,6795983244777201207272505295793587342856232828335951877395336763166956645688153129275621376
69,86089793522147689509189107259317834839075406194589468452619927466094155647486275327741601871542036193083392
98,62645745104430653213891498276546100744701446923630834216295221275219880077862822869991424
73,419563826122755903698423570764155886197478182745096318065157980815360
115,4606987677585970015185687405907087808401907404778011397802860144351723406608917375832653318316950317826411603416080401938656526763349245952
41,38791034219929355001703362681597252791926607132497810472000552960
70,3274584024547033601732419830177282884577030605955967085445120
103,22540306185334894235786890112177969069398160656960471214863055533364161027260413779136498196008797614051349056828923899710769771483695374563355380167202570240
99,48095503540863068585586333806727903093800933745921110269473838192895961958607546883106563902272351501603213884851884969598619163774002593447715357300600490226786846820426449224151650055760273586782208
88,28791032380064135924838912366681364050606279352123392
37,816686497325076854529279590016601799360795432619490501839220886047573250096742149787259661125539261458849589162398960296624832826898779062547868512963176806162374677177603839020691779655240425099985381814849695923297382213615616
38,2798663336259178220542950667919070118617461671037595015570063557541561116212709098486812037935471731307379693110655732140449644944391982365312553136224861888460117071953414058724056170693411623883229113571299583716874292601177505792
120,14982369395417598004789745303131112135937881984545699336557468604239448508499425232195898763082641888696333507772297204355241784863320985434856564665145544346173440
15,78513701235414985799111938037801593107694269719288690566802563043270955554231341048949024912241723950097229910526335909468174339269972673276478365683652275418860124336581078003444671812632969696420109552129238521593191404633433747488768
76,8340182163366776339122217380767068436124319163985514363981028932539658520850022069945315790007713835705730953518029883976349518583284516633456220989879427832211404163550860722951144299238205472802356392678682805302945058777583789795637082178703065088
37,590278359452778320600370396744672587656812540408146600339238858232404428287744326083860943189746198876198217909456674273798146498649612589762320806399127790592607439940248319292183167473589614181177553192911166360403058431623168
122,82115072
124,2274138670809057732174268471558480421573209166171530760054414821061236148760732125098837750199229612032
61,10955593519621381726081427192842732446492338778447962054585250349885430840596639489268490583044197259838129478395915118968127892817307044092841656400281031059952866370944043166746251110642819491590589138619180042368658361976452731370564772429824
50,2216326833641656509584281849575608304132822778778949605999625533171516051553169413046730586254828681759812649078742189993378962257887719738884107198986027270144
1,1147815565978998449355247677018639882481759969599473093698503949959932432433679516736813101704252807847599161972376331083378065408
62,5692090056481692564642125653188009689425599486467936311353594312205948346699303878656
25,1452352865358977047287287954712209431598701309356268093157351660506880803933461202731243958599418587694776257976919346711161470062145849786368
16,4807682567541030622885406726932723206347324406291298556645656679942299265299255366101603708133943020004919321926553472300848377769098356331433760376378472304611624998670977875843353291010755115043782656
60,18785600377730234084961644908323730274349486494759772172045672216133206617937532977051253815675382758379146399260718761517927890539089312469745664
17,176911124329642684466874657622167035615377315850512855837046940169477353799490069178089849037110680442909599938748252987779040641992670606646117924864
69,87627111263614612536138912746091367604058895590921423246416711885131551284048530244308416190676715410817024
82,653328777395025328203567545694081121728734682653162877829161748174689996649580967617058501701158595836440103787368728434262719746928023028454209989564591340309470962347072414683824108745663470899739091124879360
30,5233893342092974689764214229069928092204694548133997056912290017660278736315350690909338092624467601208322903521938067985268736
82,4801020627936650273820956185212558779879891604645695269360319089242534030616821760
74,368285002356565236206050400987682965474005085400755734521815284489077917550561780002884208690617055361023180849511166827534642699959574169100778106061972438055789285681836117766985087840599022909227077306309405868716111400582168585871106693398528
107,72920578200152195986239978520534397671702528
35,701159405770694192175384408851292285304832
87,210820838151789972835344362399985069521340256154879404739133440
115,1386984308736
38,9970238135423322410684261754461687297574707203071432242968351423741811476507776163359267885145118042782540156706711045750351860114396437176425970547801070477639167068834037584204450108095278910084003717097754766991364667391694864384
42,191119729019010903922318910916194318158358530045906093342807376462965351367505256693727301137487182566694130988846644953841317118349514976629848940228902912
122,1464175308959113528772263355936169964994596588750408115749568393695363277571944663408352975380410199475618517635241899192319878952386560
25,130327858905088
18,726031322297697192308829858557658347463155930512035678836926851643908285887664775285954267471924838432779064102326112575942365323184650822275287068448431815901633154921487254477600651861238714280113313089270966021934546944
21,44297958438326634761400840441414305850018340430557801901950578311074263525085743998390897291509137671407803879000773095564005065032204288
64,10034618586810628546469631791626497586583383291351981078706525165819497548425133323460858509265785634489535119167028570212510763746697230338757620520146787200521303601957253921211338296245910151079813519626348942615187643618692351727239168
107,2993115527047006922861822621973442497130302231285928804440686752653362454054690269675452206003547856462404619091891652472422193847716658180130542268575783700945533577199616
98,61565646050905986779169231064881512800827284045637199143600476080819537317899670751543296
49,143675888098171974863588749235931002520689869293266946286703026715148504730717093004052468714779242723235889125771127616426046792454077949059642590890516774389206413205157428600901120405557202649088
103,1679726154174719436297110290432
31,3858864621530363662778143209369326712518612048658912624345098485760
84,89739535801913865218776087260609158832879692123599739289897346962435948172018101058377521996214479876638581732773111886740730280407216562373643645674055929340060682386669568
2,1869491127245843295489631282945596054199055793926782844431855517784842562047162764543790293518591539333869534767808080887611720417096957096127102976
19,571206230229390902978122083091849393394989983554326240367413323961719728826666985717760
52,9711599324192713043667039450799714067404577976428117552103497026661830925910615590057977133119491888886883253485568
79,2587951320323401435551656837693765773368722718720
84,308479654319078911689542799958343983488023941674874103809022130183373571841312222388172731861987274575945124706407572110671260338899806933159400032004567257106458595704176640
4,204607468053231651632170584359919681536
21,44297958438326634761400840441414305850018340430557801901950578311074263525085743998390897291509137671407803879000773095564005065032204288
99,46694663631905891830666343501677575819224207520311757543178483682423264037483055226317052332303253885051663965875616475338465207547575333444383842039417951676492084291676164295292864131806090860953600
38,746486018693073200586203625789071198381405908795804971987861665013350765830710320063693491502897120149504
47,5954250563215531837306761076977829621106361238226986093927979143063646290535478718249111762995508941987623019466822023355738833813976129607149572647369603352318757098313619832820805004454625278266852920786944
115,1350484721664
13,4882694795423738259248383694280523907052404553541295114918963570790299032616960
60,18623655546887732066987837624631284323708542645667015515390106076338954836748416313455984386229905320806912378577436703228980236310304059776040960
117,2197649540662694771509614756768293111257889520749911461911742235299760186224287249848569283500050870116625614066832951491434653620989664679724670605328384
31,3999186971404195068697348416982756774792016123155600356139465703424
11,106122001292436986811690798540924545347795855177466077449935646261088427554889008574039672864668343920820928436795148953714688
100,297343283127442999223763696094643717046859722653696
73,383080015155559738159430216784664070006393123375957507798622504222720
70,40962852746040022746266657318758364800958615960888511166223074463457703397714338642735563563670211337032889028270040061631126538405328747753179669491205584877463877227946999262373662949376
64,10821647495580089608937838206656026809060511392634489398605076159217105199282006525300925843325847252880871206944834732582119451099379366051601355462903397961346503884463705209149482476343628594301759678028415526349712164686825085196042240
41,127727341348084723898701308990181037459363860247342742133007213952218672417925271858689111496838055732280426012185586538840292508653559851732869565467929255793772770046118845123411470547156992
124,93344840842779081274118847397541100711099232417419785675564018896368174248681102744001242851814111230504551062284491065982545249046727777208441525877692208419192606666715432848067979250892034330239913343273513759787574062118600704
115,14684773222305279423404378606328842389281079852729911330496616710121118358565924135466582452135279138071686985888756281179467679058175721472
74,31123158011990632379348947762918431808310493449791561316607829286036848383599768362093949828687533117096453116948119552
122,1610592839855024881649489691529786961494056247625448927324525233064899605329139129749188272918451219423180369398766089111551866847625216
113,3077441461069077639966114855194163579631471192971411456
61,1094173523859045669586486444790101118260915785344234577536993998337232950985929356479865423664796086147922179892707328
107,259779559838042198200979923479403791705440256
81,492625298020824858492928
104,14334583444354957624343837051123342314632414155598401133212557700514046074130926774627231926801218736124936536289081530554180633100288
22,177516449192742596625134907124411907433342296120906335180139807082160606303454804325583797661388729646487291902828410047500313289245373145022464
115,15980488506626333490175353189240210835394116310323727036128671125720040566674682147419516197911921414960365249349528894224714827210367696896
64,10132997200406811179278157593505188739393024304012294618693844039994198504782242473690866926023293336788452130139254340508711849665782497302863087387991363545624453637270560332203606318758124956482556789426607265582003208752208943410839552
76,1199237524518023046841073655200773014437819933607368440651532878049571841916866274528204074798988026067960531502244942577664
41,387173503461381819317938342876486269798696701374757687090678117292662850766835980321651369224790356438475041349437559195859636666856103300565260870324660556624873709202297749280341020096069632
44,241579624866940559544686721603741305150477682886905507053959183115695249619295466022093633901776326311819578749582898709278306886109761451538367684689476972445696
41,183608053187871790604383131673385241347835549105555191816197870056314341600767578296865597776704705115153112392516780649582920481189492286866000000360148305203548356941295839864903988911538176
113,277246978474691679276226563531005727894727134501928960
37,719654438236948911416889935757203565773374193100343115482085731269643755035743082485803067724485091780570430053995123429699110114791993431354062353007155799489617289790165759137045231577390077563353455262590326110628386307047424
50,2365502678213691082344762358681658863064839696581378906403446482519598862715401969694106683406595996878261577382119068166010238563707085490539768260456240644096
32,683417554730983341240428466439804717255162322770180681356582295324095276568045018818394718208
121,3236808433247025767452290567343516908064291318778322376927214245747832231894375909657770782183503444178031124162604433408
26,81488030391749459128840547293164505216260748794895410448469334556785587414084830620213639366947920479940430402613552595652303498055655462587254002058726961040207063803861183334238425638603980842369945714653224463610396278784
69,882278616755705934026165198061486854894154791794601828658462536514977141886056543297967494959157463294651448253134219557276750568719572440664782376194887710337051906933313782012758707811098014429187978053352193766744620742521208700928
72,12584
113,10498256412829539960887147840513057527504391728095773302205473286529569242075172799808800381885979687963338886634425747854139381918558258126658093728140129885722514020948662401630208
22,15659588172906496
44,20790091827571834659297314268512256
122,128234496
68,32086125515250237672652831669319530096130244948469640855552
49,143675888098171974863588749235931002520689869293266946286703026715148504730717093004052468714779242723235889125771127616426046792454077949059642590890516774389206413205157428600901120405557202649088
70,38748644489497318814036027193420074811717609692732375427508313681649178889729779797182289857525875589085165297012200058299714293086121788415169957626816093803006370350760674977921032519680
115,15836520141701771927200800457805614341381556703924414179947331746209049210218153479424745781714516717528289886742776381664131810749013032960
122,425941908060833026551931158090522171634791734909209633672601714529560226202747538446066320110664785301998114221161279765038510240694272
17,15246516134658942435328
30,153487235400047104907012432294073638677369440490359326315423048037548953850933994220481388905350318575480943331800228054627677444800534445335085424325747636169919916527733380478449429080953568132785861025764778915311321315733902609387695785318106986971136
79,2735834252913310089011751514133409531846935445504
11,1514676665132043798424464792375726697474040531154861772849569553002127834055269679807382127355430775415930361826975934749615237942110537289490974582161983251676841281523684675774171997509410211836702575912152423506361723510531933645273313670902371581952
34,279223421948518690495665525265393910655047118969581289395554230883489753963202088167388526067818580351255828317650748538127770096140740541352334824351384480870765166592
107,3100975546039691857019005419161674659189051861242178491087197986983213353299904333447540573787459490929518299059167027336293263896283024240675787035010947077556183435837440
11,35009320013999830700763974776387478877623374903906334828844749282008553420169569838858448780096773252229584638942729551740928
120,25585276967559282746640949671500822262909306158224194251659677154931981299129787704211457887725742302235277220964999841283566740305055836665678133505094698806542336
107,232434343012985124706139931534203392578551808
60,437942096129687552
113,31822839751389543006439166891555205630247687425790312822310340899792756765040367549420426157591875929138871000110603048182860001440629719946432346613424768716096370626000632904941568
103,2008744679219252109386234986496
79,9332911723399041982752713075103352518619487980854372886149324084093338609889882510071262287606305907170412500208403636221035949162350522486858939150101816651366310968213635072
115,15692551776777210364226247726371017847368997097525101323765992366698057853761624811429975365517112020096214524136023869103548794287658369024
120,2162169550067470804566920683925274624
11,125814743800311891580870534352642502216459003560913390791160817732218238853734391608397550303472778875200069796200434326568960
99,54165809813010834523572958461945987950300080723561638750087041071610986283480344062527780705471774506659930200415715111392619640755187386795485256765724823944730817778344350582539722392895065398706176
62,1597779664977317211127614218438739561944027926026087385643114192899915325389278281728
21,160580099338934051010078046600126858706316484060772031894570846377644205278435821994167002681720624058853289061377802471419518360741740544
84,28202033618908861797678311692816678299530952704
88,29590783279510361922751104376866957496456453778571264
47,147723711628820008425260190314232577842458203219867546749548279669001047095902208
18,733219751231337758569313322503773776645959454576511279617490483838402427332097099793735992892438945743994698400368945373723972900641924592792864168136040051702639423782096039175398678117290582738332256783224143903339839488
11,121438578798561912743275037505594067356756081697925098937555224071967169676213195378540244205960682218671371716332593132601344
72,140293828353061913562431097512711282955708723706921164937004771450772772360141281963212949833047642163310676952005090529118869520384
79,9332911723399041982752713075103352518619487980854372886149324084093338609889882510071262287606305907170412500208403636221035949162350522486858939150101816651366310968213635072
124,97549563403264625475655732415448357499887486129916172417706542270078452367991062327064361899193125249896647956981990663549326566571355154560173126142453118708345426786837749643025996334265549390160630160538086451669897218069889024
72,127987352181740693074498545099315556380646554960700010117969265183161125661883274773457427917868024429686933359723942237090898509824
41,35417900809500715436337852883197491679585163034019739996174417920
25,145511687127040
11,414270540890815397859682678256609011274951256384235698557147228171522142647595126101164342524562263361621979303104529162287928326047326438151377663497294564561187359049212902775841913848727579305764807087084423523107479934504460484177316559563041800192
84,26543090464855399338991352181474520752499720192
70,3025091908391069136838521176449489902894971131216464831315968
11,1475838801923529854875119541289169602667013850868839676109837000361047633182057636735397970243753063225778301267309885140650744661543600435914282926209111886249229966612820966138936818086092001276787125247738258801070397266672140474881690243443336413184
4,2780727759789506189688976728261134412430070896331681796865066172946841643177493323095558810428138334542039499042538361128332875270632374896709378401851013030649790464
72,39380723748227905561384167722866325040198939987907695420913620056357269434425623007217670128574776747595979495299674534489507233792
61,12283544249272458298939782004096396985461107115229533212716795846841240639456838215240428835534402988303357293959056345509719152552738200952580038994254489370250183506816048399079130033144979429965206003906353380837586648276628820021542320603136
76,1073001995621389041910434323074375855023312572175013867951371522465406384872985614051551014293831391745017317659903369674752
44,70922458676533008306697019186419465732250328920926387391988017061488513649701421217495378760154517816314004770519750079788126792252407031644291430367552872644608
37,937976571185236783419766657840849591345071982018424734785639829519985118922990983914080402876856973556698538047903756380281986217032261101540126212908203064503321411411901438875249964752553359520775290005173908189133627096825856
41,35080587468457851479801301903357515568351018624171932948591804416
26,75507257518960508000118305289996468136168216773251710599040392570966461732317136629739243817080183197009022666641915707898005993611203685516629855118636908853769848111834674465670467793568826285131784561284180466281192882176
120,623328158578009601316589746717196288
9,489897997387413302259272556174720320258907157683501210499407925123817323114534223568009880885406234200097233531263347763343014494289537562338421966433394228372950232187806311227350989896126238389511913472
76,14315238041599690731329179086391236867974577669527375400862960108090458655190336388712109191804284941882971039620499054586271561747428647952947244982628868667228529534452969897602710364364084020481656494896246606116995250140628892932809917172400783360
88,362770278688520761869597957229267312398739497815809474084624227148708071766419733166469965119257110611713933883100649339911667343940564809064206964764457613238608507334463995248640
25,132858496942080
122,1371000516570806304214028415103868239949485896739018508383686768642021978090093639373275967856202277690806430149362869243717704837234688
62,64992010551296432649120110632524243761536737126540724542309655644508291840619184952514341386619602924946737281108680463373613164390057247352314454614077608114263893993482681947677806991742522670374045238857564160
52,115982876227537937853814642970071662458009414029800686086809662795018644291475690008767042885763160579094416583639738536084493037790060975730355531044156214601288115232410713400868431532640571540731761471395748311789409620768584665830571114496
42,199000954957939188620146494871501300350455789016871293068283969306798974104309597175942859947280468445733064225500114848845082772714443429274378793434218496
124,7817351680906135954349047870982276449157906508714636987687050947397999261365016680027254766309851791360
122,1544039416720519721250750448078142872176120039045884922063181215169655819984959826866990410401159846719743164051709639148264599622516736
84,10901626440922753299942876788819892451919527936
49,44898715030678742144871484136228438287715584154145920714594695848483907728349091563766396473368513351011215351803477380133139622641899359081138309653286491996627004126611696437781600126736625827840
8,341193333416960048728832304816674369643892731163112632321677881812211000367443115993786012411294339858808513815618836805259529912353143389116388046164554221285981705680831528052981760
52,10640630846563113564570150731199235087890771929339512485028409430735655439584925688877710356492033080650863906755939315237109453008262474837647296426069377486356707819487221412923709314921153352360712061595940212090771524841154556498217533440
44,22163268336416565095842818495756083041328227787789496059996255331715160515531694130467305862548286817598126490787421899933789622578877197388841071989860272701440
